22010220000112428X
220102200001120545
220102200001127421
220102200001120844
220102200001120588
220102200001123260
220102200001124626
220102200001124669
220102200001121142
220102200001128520
220102200001123041
220102200001121265
220102200001127229
220102200001123682
220102200001122604
220102200001123746
220102200001125020
22010220000112380X
22010220000112102X
220102200001120123
220102200001126648
220102200001120086
220102200001129427
220102200001123762
220102200001121142
220102200001123543
220102200001129005
220102200001124466
22010220000112962X
220102200001122049
220102200001128109
220102200001123906
220102200001122567
220102200001125522
220102200001124722
220102200001123148
220102200001128782
220102200001129320
220102200001127800
220102200001129902
22010220000112786X
220102200001120860
220102200001121169
22010220000112508X
22010220000112452X
220102200001123746
220102200001128803
22010220000112954X
220102200001127544
220102200001129822
220102200001129646
220102200001124204
220102200001129881
220102200001129080
220102200001127966
22010220000112102X
220102200001122620
220102200001126963
220102200001125485
220102200001122241
220102200001128985
220102200001123586
22010220000112612X
220102200001121564
220102200001129101
220102200001120860
220102200001124685
220102200001127907
220102200001120182
220102200001122508
220102200001127800
220102200001128029
220102200001123340
220102200001128942
220102200001123121
220102200001127843
220102200001122700
220102200001121943
220102200001127405
220102200001120246
220102200001121767
220102200001127069
220102200001124423
220102200001121644
220102200001126146
220102200001122380
220102200001122663
220102200001128766
220102200001129347
220102200001128125
220102200001121003
220102200001128344
220102200001121724
220102200001127122
220102200001129881
220102200001120844
220102200001127966
220102200001124589
220102200001128723